name: kbe
channels:
  - conda-forge
  - defaults
dependencies:
  - blas=1.0=mkl
  - bottleneck=1.3.7=py311hd7041d2_0
  - brotli=1.0.9=h2bbff1b_7
  - brotli-bin=1.0.9=h2bbff1b_7
  - bzip2=1.0.8=he774522_0
  - ca-certificates=2024.7.4=h56e8100_0
  - contourpy=1.0.5=py311h59b6b97_0
  - cycler=0.11.0=pyhd3eb1b0_0
  - expat=2.5.0=hd77b12b_0
  - fonttools=4.25.0=pyhd3eb1b0_0
  - freetype=2.12.1=ha860e81_0
  - giflib=5.2.1=h8cc25b3_3
  - icc_rt=2022.1.0=h6049295_2
  - icu=73.1=h6c2663c_0
  - intel-openmp=2023.1.0=h59b6b97_46319
  - jpeg=9e=h2bbff1b_1
  - kiwisolver=1.4.4=py311hd77b12b_0
  - krb5=1.20.1=h5b6d351_0
  - lerc=3.0=hd77b12b_0
  - libbrotlicommon=1.0.9=h2bbff1b_7
  - libbrotlidec=1.0.9=h2bbff1b_7
  - libbrotlienc=1.0.9=h2bbff1b_7
  - libclang=14.0.6=default_hb5a9fac_1
  - libclang13=14.0.6=default_h8e68704_1
  - libdeflate=1.17=h2bbff1b_1
  - libffi=3.4.4=hd77b12b_0
  - libpng=1.6.39=h8cc25b3_0
  - libpq=12.15=h906ac69_1
  - libtiff=4.5.1=hd77b12b_0
  - libwebp=1.3.2=hbc33d0d_0
  - libwebp-base=1.3.2=h2bbff1b_0
  - lz4-c=1.9.4=h2bbff1b_0
  - matplotlib=3.8.0=py311haa95532_0
  - matplotlib-base=3.8.0=py311hf62ec03_0
  - mkl=2023.1.0=h6b88ed4_46357
  - mkl-service=2.4.0=py311h2bbff1b_1
  - mkl_fft=1.3.8=py311h2bbff1b_0
  - mkl_random=1.2.4=py311h59b6b97_0
  - munkres=1.1.4=py_0
  - numexpr=2.8.7=py311h1fcbade_0
  - numpy=1.26.0=py311hdab7c0b_0
  - numpy-base=1.26.0=py311hd01c5d8_0
  - openjpeg=2.4.0=h4fc8c34_0
  - openssl=3.3.1=h2466b09_2
  - packaging=23.1=py311haa95532_0
  - pandas=2.1.4=py311hf62ec03_0
  - pillow=10.0.1=py311h045eedc_0
  - pip=23.3=py311haa95532_0
  - plotly=5.22.0=pyhd8ed1ab_0
  - ply=3.11=py311haa95532_0
  - pyparsing=3.0.9=py311haa95532_0
  - pyqt=5.15.10=py311hd77b12b_0
  - pyqt5-sip=12.13.0=py311h2bbff1b_0
  - python=3.11.5=he1021f5_0
  - python-dateutil=2.8.2=pyhd3eb1b0_0
  - python-tzdata=2023.3=pyhd3eb1b0_0
  - pytz=2023.3.post1=py311haa95532_0
  - qt-main=5.15.2=h19c9488_10
  - scikit-dsp-comm=2.0.3=pyhd8ed1ab_0
  - scipy=1.11.3=py311hc1ccb85_0
  - setuptools=68.0.0=py311haa95532_0
  - sip=6.7.12=py311hd77b12b_0
  - six=1.16.0=pyhd3eb1b0_1
  - sqlite=3.41.2=h2bbff1b_0
  - tbb=2021.8.0=h59b6b97_0
  - tenacity=8.5.0=pyhd8ed1ab_0
  - tk=8.6.12=h2bbff1b_0
  - tornado=6.3.3=py311h2bbff1b_0
  - tzdata=2023c=h04d1e81_0
  - ucrt=10.0.22621.0=h57928b3_0
  - vc=14.2=h21ff451_1
  - vc14_runtime=14.40.33810=ha82c5b3_20
  - vs2015_runtime=14.40.33810=h3bf8584_20
  - wheel=0.37.1=pyhd3eb1b0_0
  - xz=5.4.2=h8cc25b3_0
  - zlib=1.2.13=h8cc25b3_0
  - zstd=1.5.5=hd43e919_0
  - pip:
      - signalprocessing==0.212
prefix: C:\ProgramData\miniconda3\envs\kbe
